strategic_region={
	id=117
	name="STRATEGICREGION_119"
	provinces={
		768 1444 1555 1717 1813 1824 1849 1864 1887 1902 1920 1921 1932 1953 1966 3627 3634 3641 3705 3713 4295 4551 4581 4612 4627 4647 4661 4672 4678 4692 4711 4724 6287 6300 6305 6444 6459 7066 7182 7245 7305 7336 7367 7401 7426 7431 8986 9028 9034 9099 9109 9511 9654 9768 9771 9821 9848 9875 9887 9927 9932 9948 9962 10664 10713 11180 11213 11238 11272 11336 11385 11446 11491 11520 11526 11565 11571 11614 11629 11643
		11968 11969 11970 11971 11972 11973 11974 11975 11976 11977 11978 11979 11980 11981 11982 11983 11984 11985 11986 11987 11988 11989 11990 11991 11992 11993 11994 11995 11996 11997 11998 11999
		12000 12001 12002 12003 12004 12005 12006 12007 12008 12009 12010 12011 12012 12013 12014 12015 12016 12017 12018 12019 12020 12021 12022 12023 12024 12025 12026 12027 12028 12029 12030 12031 12032 12033 12034 12035 12036 12037 12038 12039 12040
		1791 1943 1915 1840 1936 1847 7438 1859 4554 1929 1904 4568 1799
	}
}

