
strategic_region={
	id=144
	name="STRATEGICREGION_149"
	provinces={
		1597 1637 1644 1652 1655 1660 1670 1681 1682 1706 1709 1715 1720 1723 1731 1737 1756 1775 1777 4405 4415 4424 4431 4443 4444 4453 4471 4480 4482 4483 4491 4496 4502 4513 4529 4538 7141 7152 7153 7161 7169 7179 7184 7188 7215 7216 7227 7237 7247 7250 7252 7261 7279 7290 7303 9672 9688 9693 9700 9703 9709 9717 9723 9729 9739 9757 9767 9779 9785 9788 9791 9810 9818 9820 9831 11353 11366 11367 11371 11377 11378 11396 11405 11423 11432 11435 11445 11465 11480 11489 11499 11642 11743 11790 11808 
	}
	weather={
	}
}
