
strategic_region={
	id=217
	name="Eastern Mongolia"
	provinces={
		1492 1545 1603 1626 1694 1710 1721 1734 1770 3954 4276 4381 4383 4406 4418 4438 4457 4510 4515 4526 7027 7082 7126 7151 7166 7172 7203 7226 7244 7267 9533 9542 9676 9686 9701 9704 9706 9711 9743 9764 9769 9782 9803 9805 11220 11306 11354 11376 11387 11389 11444 11460 11462 11495 11806 11929 11930 11931 11932 11933 11934 11935 11936 11937 11938 11939 11940 11941 11942 11943 11944 11945 11946 11947 11948 11949 11950 11951 11952 11953 11954 11955 11956 11957 11958 11959 11960 11961 11962 11964 11965 11966 11967 
	}
	weather={
	}
}
