3 4 6026 10372 3096 5796 
2 5 5796 317 3123 8616 290 
2 5 5796 5844 8564 8591 10302 
1 4 5842 5910 3160 330 
1 3 5842 10187 5884 
3 4 6026 8652 5946 479 
2 5 6026 341 10164 10216 290 
3 4 6026 3276 8680 3299 
1 4 3299 8603 491 5886 
1 4 5886 5777 5836 8577 
2 3 8577 5771 5898 
3 7 6026 10433 8720 3349 6099 517 8794 
2 3 5796 2993 8720 
1 4 8577 3149 3016 10297 
1 3 5886 3056 3110 
2 4 8577 5836 5858 3110 
1 2 3110 214 
1 2 5974 552 
3 2 5974 460 
1 3 460 6040 10317 
1 4 10317 219 278 3110 
1 6 460 6040 8733 370 3174 5886 
1 4 5974 6074 494 10422 
2 4 10422 3200 8799 10459 
2 4 10459 10475 10488 5993 
3 4 8741 6072 554 5993 
2 5 10459 528 3335 3307 8741 
3 2 8741 10427 
1 3 671 3477 655 
1 3 655 10576 8739 
2 5 8741 3307 6046 6214 3464 
1 4 3464 3451 6417 8873 
1 4 8873 10561 6195 655 
1 3 10427 3462 8873 
3 5 460 3176 8771 3301 5993 
2 4 8739 3083 536 10472 
1 3 655 8870 670 
1 4 670 3460 6227 8739 
2 4 10427 8769 10457 10472 
2 6 10472 8796 10345 10373 3175 5993 
1 5 5993 3301 6053 8748 3338 
3 4 3338 390 5992 3299 
1 3 3338 6018 529 
1 4 529 10359 8667 460 
1 4 5886 10421 3137 529 
1 4 5993 3301 10461 529 
1 4 3338 390 6086 3312 
1 3 3312 10409 479 
1 4 3312 6086 5992 3299 
2 8 10472 8640 3251 447 6029 503 6006 3312 
1 4 10302 10274 8501 330 
1 14 6026 10433 8720 502 5750 8615 8491 10202 10226 302 354 3160 5910 5842 
1 6 5842 360 3164 10246 3057 5810 
1 3 3104 296 5810 
2 11 6236 8906 10632 10632 12044 8936 6266 12045 12046 12047 6251 
2 3 6236 8903 10599 
1 4 10599 692 6433 10632 
1 3 8978 817 9029 
2 7 6397 9089 6316 3632 6442 6312 8978 
1 4 6397 6436 9083 3834 
1 2 3834 9207 
1 5 9207 9288 3801 10845 1121 
1 3 1121 10845 10925 
2 4 1121 6535 6663 3914 
1 3 3914 9192 9163 
2 3 3914 11879 6648 
1 2 6648 994 
1 3 3914 11879 9273 
1 4 3914 6663 6246 837 
1 3 6648 1123 837 
2 6 8978 6312 6442 11871 3699 3582 
2 4 3582 9021 10729 871 
2 7 3685 8980 6463 8997 10683 776 3582 
1 7 3582 6373 6394 3657 10755 11881 703 
1 4 845 10755 11881 703 
1 5 3685 3562 9010 9049 10733 
1 4 10733 6418 861 845 
1 7 10599 10745 3496 3498 3670 874 10733 
1 5 8936 6251 8920 10610 703 
2 7 6648 3816 10668 6432 884 9113 11878 
1 6 11878 9043 9106 10728 854 3685 
1 8 1121 3831 10970 9033 8990 11877 11872 3685 
2 4 10733 9049 11880 6364 
1 5 6364 11869 10674 9043 11878 
2 4 9207 1039 9094 795 
1 4 3834 1039 10779 795 
1 5 795 894 8973 6403 3685 
2 4 837 3630 3576 6427 
1 5 6427 931 10695 6363 11878 
1 6 6427 6330 6302 11877 11872 3685 
1 5 3692 6374 9055 6403 3685 
1 6 6397 3566 833 6678 10659 3582 
2 4 5801 5902 3045 3109 
1 3 5873 5749 359 
1 2 8565 5846 
2 4 5974 3289 8592 5755 
3 2 5755 356 
1 3 356 65 3098 
1 3 5755 5800 5846 
3 2 356 8722 
1 2 8722 3047 
1 2 3047 6102 
3 2 6102 481 
2 4 552 8746 10490 10447 
1 3 10447 11746 481 
2 4 6087 10363 10398 10422 
2 3 552 3324 10422 
1 2 8783 6087 
1 2 6064 481 
1 3 481 3353 10411 
1 3 10411 3313 10476 
1 4 10434 8758 6073 450 
2 4 10434 8785 419 10348 
1 3 10348 8724 10476 
1 2 10491 8658 
2 4 3443 8716 6038 477 
2 5 3329 6076 8749 10436 8719 
2 5 3443 8716 8702 468 10393 
2 3 10393 8734 6041 
2 4 6161 620 3434 3443 
2 5 585 3402 616 632 3443 
2 7 8954 10493 560 10510 594 10523 3443 
1 5 8954 10493 560 3375 585 
2 6 6268 10624 6277 10642 8934 8954 
2 3 703 6258 706 
1 4 706 8927 6279 8954 
2 5 706 10619 10621 3520 6268 
2 6 6268 10624 6277 8951 8968 585 
2 4 9029 9056 3693 6437 
1 4 6268 895 8940 6437 
2 5 6437 9091 10775 909 10740 
2 3 867 3676 9100 
2 4 6290 3543 10785 9100 
2 7 10740 909 10635 725 743 3366 6117 
1 3 3371 10520 6117 
2 6 3371 8829 10504 6152 3397 585 
2 7 6437 723 10631 3525 732 8965 3371 
2 6 3371 8831 630 8862 6023 477 
2 4 6117 10707 613 3427 
2 5 3427 3441 3283 10419 10434 
2 3 8860 6200 661 
2 11 10434 10446 6428 3283 8714 3310 6036 8876 6200 661 641 
2 3 641 6034 8727 
2 5 8727 1291 3405 10430 8783 
2 3 10459 10430 8783 
2 3 10444 1291 8727 
2 6 6117 3366 6286 6113 8962 6282 
2 5 6290 734 8958 10652 6282 
2 5 6282 10652 8958 739 3551 
1 4 6290 3544 6292 3551 
2 3 601 601 641 
2 6 3551 572 6139 601 601 601 
1 3 623 601 601 
1 3 623 10563 3464 
1 7 623 623 6183 6181 8852 10542 636 
1 4 8739 8898 3475 8882 
1 4 8882 10574 667 10589 
1 3 8866 6192 10589 
1 5 10589 6192 8896 6189 3445 
1 5 8866 8896 8868 3456 8882 
2 6 3445 3446 6176 3432 6160 10512 
1 3 6130 593 10512 
1 5 3445 3446 6176 10522 6130 
1 3 651 3456 8882 
1 4 636 10557 3447 651 
2 6 623 623 623 623 8808 3551 
2 3 568 3381 10512 
2 4 568 3547 736 3551 
2 6 636 10542 8849 10525 8821 568 
2 4 568 3547 10656 6110 
1 4 6110 6295 8806 10512 
1 4 3551 6292 8969 6110 
1 5 10739 6371 6360 10670 9095 
1 3 10739 6425 6449 
1 4 9098 1553 6458 6110 
1 5 9098 9075 8967 6360 10670 
3 8 9095 9005 6410 878 916 9112 745 6295 
1 3 6329 9042 878 
5 4 10743 8996 6341 843 
1 4 843 6420 3709 6329 
5 2 10750 9095 
4 8 9173 10953 3656 9209 3710 814 906 782 
1 2 10887 10743 
4 6 9173 10953 10984 9209 9059 10743 
1 2 3750 3891 
2 4 3891 1101 3620 9253 
1 5 10689 10772 10732 8985 6383 
2 6 66 3091 3091 3091 3091 3091 
2 4 184 35 35 35 
2 10 3091 3091 3091 184 184 184 184 184 184 184 
2 12 66 66 66 66 66 35 35 35 35 35 35 35 
1 6 3091 3091 3091 3091 3091 3091 
2 4 5810 5869 5743 8707 
2 4 8707 5852 5736 8570 
1 3 8707 3136 8500 
2 5 3104 8531 10273 10289 279 
1 4 279 6939 9498 8570 
2 5 479 538 434 8638 10470 
1 3 3360 8681 10395 
1 3 10589 6241 8909 
2 4 8909 506 3261 10467 
1 4 10467 8775 8791 3360 
1 4 10467 546 3327 3358 
1 6 8877 8907 6065 10601 506 8909 
1 6 8877 10586 8893 6222 3472 10589 
1 6 8877 6205 645 3442 8833 10509 
2 4 10509 3429 6154 8846 
1 3 6130 564 8846 
2 6 8866 8864 561 3429 6154 8846 
2 5 10509 3429 561 8864 8866 
1 5 584 3399 6173 10548 8877 
1 5 10509 589 8818 6151 584 
2 4 584 3393 10508 10514 
1 4 8828 10701 3393 584 
2 3 3378 3369 10509 
1 4 6130 10657 10492 3378 
1 5 3378 6115 930 3715 3674 
2 4 3640 10738 9097 8824 
1 4 8824 6138 10511 10514 
1 4 3640 3599 3303 10726 
2 9 3845 3726 1055 924 825 6414 3610 9341 10726 
2 5 8824 10781 10767 914 900 
1 8 900 3712 3697 3585 6340 8982 614 8995 
2 4 900 3660 3684 6409 
1 4 622 6180 10529 8839 
1 9 8772 6263 707 3512 6249 8918 10575 8869 3436 
1 8 3436 3412 3415 602 3420 10580 3424 8828 
1 9 3436 625 6197 6211 10562 639 10546 656 6213 
1 3 6213 3481 3468 
2 6 3468 10567 662 6218 679 8877 
1 3 709 676 3468 
1 5 3358 6090 10613 3325 709 
1 2 5825 3072 
1 3 8707 3136 5825 
1 4 5842 10206 316 3072 
2 7 8570 8480 8549 10228 2879 461 2945 
4 10 2945 10354 10089 10371 4351 99 10139 8369 5699 10062 
1 4 10074 5649 8443 2888 
1 5 8454 5627 10034 8435 8349 
1 6 8349 64 8424 5678 8396 10074 
2 9 330 3160 3133 5856 5832 8526 6071 489 3321 
2 7 6062 17 10443 458 8732 8627 3321 
1 8 6062 353 10176 251 3108 354 3160 330 
1 2 10395 5969 
1 3 5969 11856 8651 
2 5 8651 10358 5921 432 3321 
1 3 5969 8791 3360 
2 8 8651 10341 3188 6004 6027 3211 8692 10407 
2 6 10407 8782 387 10369 6050 3171 
1 5 3321 489 367 8768 3171 
1 4 3278 11748 10265 5644 
1 4 8682 472 8479 5644 
1 7 505 3240 8708 5860 10399 8479 5644 
1 4 3150 10399 8479 5644 
1 5 5644 8479 5735 5784 8533 
1 3 3150 6704 8533 
3 4 5644 10304 194 243 
1 3 8533 10276 8547 
1 7 5644 10166 267 8553 331 10311 8547 
1 3 3150 5887 343 
1 6 343 3026 5815 3085 2991 5893 
1 4 8547 10311 8507 10233 
1 5 5893 5845 5907 10264 10163 
1 4 319 10235 10308 8620 
1 5 10163 8580 8477 5904 3058 
1 3 8620 8611 3058 
1 5 3058 8611 5814 2943 10097 
1 5 3058 8611 142 10241 8351 
2 3 3171 10189 10237 
2 6 10237 10288 10315 238 360 5842 
1 4 10237 315 11857 3172 
1 3 3104 8512 3172 
2 5 10237 315 287 3093 8538 
2 6 10327 3336 3298 11393 489 3321 
1 4 10327 6084 501 10407 
1 6 3235 3336 3298 11393 489 3321 
2 5 10280 5778 3020 8523 10178 
1 8 66 66 66 66 66 2819 10138 5656 
1 7 8368 5683 8316 2899 8453 8374 5656 
1 9 5656 10050 8414 27 10021 2867 8427 5679 113 
1 4 10012 8414 10050 5656 
1 5 10012 8469 10154 8404 2834 
1 3 169 11 11 
1 7 11 11 11 11 11 11 11 
1 11 11 11 11 11 11 11 46 46 46 46 46 
1 10 35 35 35 35 46 46 46 46 46 46 
2 7 8446 67 10036 10111 5605 86 10116 
1 10 10116 8386 2845 10063 139 10130 5575 90 8444 2976 
1 9 2976 82 2820 8419 2919 5705 8450 10083 2931 
1 8 10074 8396 10127 2837 5672 8318 5568 2920 
1 5 8349 10099 8334 8420 130 
1 10 10150 380 557 8709 5914 277 10228 8549 8480 8570 
2 9 6097 3247 10471 5940 537 478 387 6084 10327 
2 7 10407 456 10355 403 427 5934 441 
2 4 441 10392 10442 6097 
1 5 10407 5988 10339 10478 8772 
2 6 10365 418 437 3226 3243 5979 
1 3 3444 3454 3440 
2 6 7094 6952 4184 7062 4189 3440 
2 6 3428 735 619 8845 1472 1536 
1 9 1536 10630 1481 10596 10568 4202 4325 1478 7094 
5 7 10417 6013 8790 3011 260 3090 3119 
3 4 3357 8498 8559 8585 
3 5 8585 8635 10184 3076 5776 
3 4 5906 5744 5793 3138 
2 6 3355 3203 8684 398 10336 8646 
2 7 5906 5878 8569 8544 10364 436 8646 
3 4 8446 67 10129 2936 
3 9 2936 152 8378 2955 10054 77 8455 10140 8398 
2 7 8646 282 3088 5862 5891 8634 8496 
3 11 8496 8522 10209 3101 258 3061 5816 5740 5789 8483 10170 
2 8 10170 10279 358 3139 3114 6020 8644 11012 
3 8 10170 10307 10198 3050 4053 4013 1250 1223 
3 6 1223 11002 9320 9504 11041 8528 
3 5 8528 1178 11166 9311 1729 
2 7 11012 3340 4051 1199 4023 6835 9429 
2 7 6708 4029 4103 3959 1259 11173 9429 
2 7 5848 232 8566 3036 3084 5897 5792 
2 11 5792 6865 179 1325 9462 9490 329 3065 6785 9311 1729 
2 7 6839 10173 210 3065 6785 9311 1729 
2 10 6839 10283 6811 11086 8529 336 2839 2935 244 5663 
2 13 8398 2810 10104 132 2932 8449 10047 70 2872 2906 5631 8460 5663 
1 5 6934 7012 4314 11341 11207 
2 5 1729 8777 1484 9366 4504 
2 3 8528 1272 1237 
1 3 3109 3062 364 
1 3 3109 3062 5873 
1 3 10297 300 364 
2 8 1237 1693 1239 11365 4468 7214 1639 9815 
2 8 4504 7254 7191 3249 9732 11468 4403 9815 
2 6 9815 11487 1658 1762 7234 6739 
2 9 1404 9326 9536 11260 7040 11203 7091 7043 6708 
2 5 1404 10609 7113 6957 1495 
1 6 11207 7452 9576 1581 9628 1495 
2 8 6739 4536 7177 11452 7287 9829 9765 11496 
1 8 11496 11443 1775 1723 9693 9785 11378 4482 
2 10 4482 1682 4515 9676 4457 11354 7267 9805 7203 4383 
2 9 908 6461 10669 6186 627 6188 10566 9624 11073 
2 5 11178 4153 6889 4141 9473 
2 18 9473 1321 11097 6807 1236 11028 6701 4100 1282 4041 11084 1226 1253 4117 11102 11006 1372 6870 
3 2 1127 9181 
2 3 9181 6622 6554 
2 3 6554 10983 9303 
2 5 9303 6652 3904 3874 10849 
2 3 6539 10918 6677 
2 3 6677 10835 1038 
2 3 1038 9232 10874 
1 2 6539 1081 
2 8 1081 9169 9235 1112 6610 1136 6517 10874 
1 2 6577 9135 
2 6 3838 1128 10895 10814 3896 6577 
1 2 10874 971 
2 5 10849 3874 3904 6569 9214 
2 7 1127 3920 3836 6484 3853 970 6634 
2 4 6634 10943 3613 6464 
2 6 1063 10819 3803 1009 9065 6464 
1 3 10896 9306 9214 
2 5 9303 6652 9198 10878 10896 
2 5 1127 1043 10798 10878 10896 
2 3 3707 6986 9603 
1 3 9603 9662 11282 
1 3 6464 9061 3707 
2 7 10837 9289 3860 10866 6669 6686 6592 
2 5 6592 9165 811 9262 6412 
4 5 6592 10927 10805 9244 3788 
4 5 3788 9001 868 10741 6454 
4 6 6454 3711 3605 3650 9081 10687 
2 5 10687 933 8993 10681 913 
1 4 913 3554 6349 1095 
2 3 9047 10678 9247 
4 10 10687 6429 10723 9039 6335 10780 3655 998 10930 9247 
1 6 9247 9153 10885 10869 6654 1015 
2 5 9047 3872 10913 6576 3922 
1 5 1015 10932 3807 6556 9183 
2 4 1461 4260 10949 3922 
1 3 9047 8989 903 
2 4 1015 3773 9223 6493 
2 7 3922 1133 1114 3876 1084 9142 9534 
2 7 9534 10901 7017 7028 9120 6632 4330 
1 4 4330 4342 9182 6564 
1 3 9241 6575 993 
2 5 10955 1037 10848 6679 6651 
1 5 9239 9295 11317 10867 9184 
1 5 9184 9431 3968 1173 6805 
1 6 1294 6481 3919 6615 10841 9159 
3 4 11021 4712 9883 1955 
2 6 1955 1912 9842 11594 10894 9945 
1 3 3233 9287 3846 
1 4 9945 4630 7399 11550 
1 4 9159 1089 6672 3864 
1 5 9566 11281 4278 4550 9212 
1 6 1294 6481 3808 6527 6892 9212 
1 6 9212 4607 10884 4610 4718 4674 
1 3 6725 6809 9378 
1 4 6606 1002 4271 3847 
1 2 3847 755 
2 3 3938 1146 1011 
2 4 1011 6635 1020 3847 
1 4 3847 1020 6635 6616 
2 3 1011 6635 6616 
2 4 4074 4146 9495 6895 
2 10 6895 1229 11170 4091 6842 4161 1369 6769 7078 6826 
2 8 4074 4146 9495 9351 11103 1227 4071 4015 
2 8 3546 6299 8804 10495 3382 6129 4000 4074 
2 13 8674 6215 10564 10607 8901 6271 10592 8941 8928 685 10617 3534 3546 
3 6 3549 3411 3435 8853 6179 6015 
2 13 6015 8691 11157 11411 567 740 9835 4465 7300 1689 4544 4155 4542 
2 12 6015 8704 1244 4539 1699 9835 7209 11763 10499 4544 4155 4542 
2 3 11428 9742 4433 
2 5 4433 8886 6228 480 2822 
2 7 4542 11493 3492 11420 11476 3258 4433 
2 5 11428 1703 3492 11493 4542 
2 5 11428 9742 10368 9806 7204 
1 7 7204 4456 4546 4072 7260 1760 1353 
1 8 2822 6256 1292 7181 1662 7260 1760 1353 
2 4 1353 4157 9335 6780 
2 4 6780 6849 9447 11093 
2 4 4451 9826 1674 3490 
2 8 11227 8875 879 1680 9674 3471 1649 1766 
2 6 1766 4490 4371 9515 11312 11227 
2 9 8674 11237 6239 10517 1501 9515 4371 4490 1766 
1 7 8674 6215 10564 658 654 10579 6212 
2 7 6212 8941 8928 685 10617 712 10577 
2 5 8674 6215 8872 10560 652 
2 4 652 3457 9030 6382 
2 5 6382 842 3459 6209 10577 
2 4 6234 3659 10737 9036 
2 8 3636 6401 3573 10588 9549 10585 6810 4074 
2 4 9036 6399 9050 3636 
2 3 6376 3624 6343 
2 3 6343 3590 6457 
3 2 6457 3702 
2 5 3702 835 3589 10746 9574 
2 8 6343 6366 10699 9014 810 3615 840 10711 
2 4 6353 790 9017 10711 
2 11 8674 6215 8871 832 10705 3631 624 3617 6370 9017 10711 
2 6 1534 9007 794 10692 10677 6353 
2 11 4250 4315 8988 8976 6983 3716 764 9111 6321 6413 3702 
2 6 11093 3290 11067 7271 11386 8838 
2 6 1766 9076 6990 11407 11464 11415 
2 9 8674 11190 10517 9633 6771 11279 10702 9790 11415 
2 6 11415 7259 3619 3389 4452 4422 
2 9 8674 11237 6239 9559 6993 1525 1609 9086 11415 
1 6 1534 4254 4165 9619 8899 8674 
2 10 10577 697 3504 3474 8925 1381 8910 3573 6401 3636 
2 4 6198 1780 9606 1534 
2 4 6198 11511 11399 8944 
2 3 4250 1390 8944 
2 4 1512 11248 1424 10864 
2 6 1748 9038 9643 828 11298 1512 
2 3 1512 1524 6851 
2 6 1512 11223 1378 11323 9646 11251 
2 3 11532 6884 457 
1 4 11251 7030 822 457 
2 3 457 9668 6937 
2 3 7003 6979 4190 
2 3 7003 1398 9607 
2 4 7003 1398 1575 1470 
2 5 1470 11264 6444 9034 3705 
2 4 3705 9927 9654 9511 
2 6 9511 1444 11191 4232 4257 7003 
2 5 9511 11272 4551 1920 6287 
2 4 9511 11213 1824 11565 
2 5 3705 7367 4661 1824 11565 
2 6 11565 1902 11526 4672 9948 9848 
2 5 3600 7318 4678 11571 9848 
2 3 3705 9034 4647 
2 6 4647 6942 11314 11339 4172 1578 
2 3 6667 1488 10864 
1 4 9574 3675 10660 751 
2 5 6667 9211 6480 4216 6604 
2 7 11251 603 9560 1429 4361 4216 6604 
1 9 6667 6480 6600 10816 6550 6512 10698 6423 751 
1 4 1077 3900 6423 751 
1 4 6604 6550 10941 1077 
1 5 9574 9118 11303 9260 6604 
1 3 4190 7101 6937 
1 5 3702 902 10771 9517 7080 
1 5 7080 6925 4338 11457 8944 
1 3 8944 1522 869 
1 7 1491 1491 1491 1491 1491 1491 1491 
1 3 869 7207 9960 
2 3 11251 4714 9960 
1 4 11532 11580 917 9960 
2 4 11532 9369 9907 11349 
2 4 11349 1878 9745 7212 
1 2 1578 7212 
2 5 11532 1526 9857 6923 7212 
2 4 9607 9572 4235 1578 
2 4 6198 6450 11481 11349 
2 6 1534 11297 1541 7064 11184 4290 
2 7 4290 11184 9615 11345 7053 8899 8674 
1 4 4290 1558 11231 9834 
1 3 9834 1505 1476 
1 5 4290 11218 11318 9540 1476 
2 5 4290 4177 4262 4336 7212 
2 11 5969 471 549 10356 458 10443 215 251 3108 354 330 
2 4 8732 513 3015 3079 
1 4 3079 3108 354 330 
2 10 8674 11237 6239 9513 1469 4305 6910 7050 11231 9834 
1 7 1766 9076 1767 11479 11442 3521 1669 
2 8 4422 9766 9828 1725 11467 1755 11414 4531 
1 3 4531 9726 9753 
2 4 11093 3290 4057 4004 
2 5 3365 6169 3248 9329 4004 
2 4 4004 4076 4060 3365 
2 4 8888 3449 6201 8930 
3 5 8930 6201 6196 6372 4242 
2 4 4242 9102 893 9555 
1 3 9555 9637 9022 
1 4 9022 10675 6973 1503 
1 3 1503 11243 7371 
2 3 7371 7465 816 
1 4 9555 11182 4425 7371 
2 7 9502 11483 11008 3552 6244 7196 4531 
2 11 4531 11402 4530 7282 1687 6224 11397 1743 4462 1674 3490 
2 4 9753 4533 7285 4451 
2 8 9502 1620 1740 4516 1757 1759 9726 9753 
2 5 9834 7243 1297 7293 4434 
2 4 1476 9012 4493 4434 
2 3 1476 1921 1717 
2 6 3705 1953 7401 4724 1555 1717 
1 3 1717 7305 9887 
1 3 9887 10713 4434 
2 5 3705 9109 4711 3634 3713 
2 3 9887 9821 3713 
2 5 4434 10713 7182 1932 3713 
2 5 9099 11446 4303 9514 4434 
2 6 9099 11643 9932 7431 3627 9848 
2 4 9848 11571 3641 4627 
2 3 4627 9768 11449 
2 5 4434 9514 4303 1663 11449 
2 3 11449 9722 1735 
2 10 9834 7243 4449 11360 1675 9680 4541 11400 11461 1735 
2 9 9834 7243 1297 7293 10911 4495 4303 1663 11449 
2 3 1735 7197 4422 
1 3 816 1707 10722 
1 4 10722 4484 4364 9555 
1 4 816 7170 6388 9710 
1 4 9710 9771 11385 4627 
1 4 9710 7231 11552 10722 
1 9 11449 9003 830 1589 6380 1677 4436 9786 4535 
2 8 4535 9776 11403 11503 813 4484 4364 9555 
3 9 4535 9776 9724 7236 4430 9582 10620 673 8930 
2 3 4535 9716 11374 
2 4 11374 1704 9699 8838 
2 6 11374 7289 11454 11392 9766 4422 
2 5 7213 4466 11659 11655 11651 
2 8 7213 11406 7175 1598 9613 9804 11295 11269 
2 10 7013 6989 6977 4206 11186 7085 9641 9618 4281 7015 
2 5 11418 9577 11497 11382 4400 
2 4 9984 7048 4780 1453 
2 3 9816 4503 4400 
1 4 1412 4277 11466 9565 
1 2 7025 1412 
1 2 4400 1741 
3 2 9816 4792 
1 3 7523 9792 4792 
1 3 4779 11351 168 
1 5 7523 11671 1773 7275 4779 
2 3 6479 9188 10853 
3 6 1924 11634 11582 9884 9921 11537 
2 5 10810 3861 6627 6645 10858 
2 6 6548 1105 3895 992 6645 10858 
2 7 1090 10828 3863 11754 6532 10938 6548 
2 5 1090 9148 11547 10812 6598 
1 6 6598 3882 6476 10905 7348 4594 
2 7 6598 3851 935 1057 3833 10876 6567 
1 4 6567 1139 9292 9130 
2 3 6567 9249 6536 
2 4 6536 9206 3871 3844 
2 4 8794 5967 8735 10395 
2 4 3235 5921 10358 8651 
1 3 3235 432 3321 
2 4 290 10240 8552 8577 
1 5 3299 8478 8530 10240 290 
1 5 3299 8478 8530 8552 8577 
2 7 1955 1931 1806 4633 9920 1871 3846 
2 7 1955 1931 1806 3881 11638 1049 9159 
1 8 2834 5589 46 46 46 46 46 46 
2 7 10470 8653 548 386 6066 3192 3360 
1 4 3360 3192 6066 3346 
1 5 3346 522 3489 6241 10589 
2 6 10470 8653 548 386 6066 3346 
2 3 7266 11295 11269 
1 9 11269 6975 9556 4203 4365 9651 11309 9590 7013 
2 4 7513 4789 9968 11651 
1 10 11269 1479 9587 11245 10008 1976 7537 4784 4789 7513 
1 13 7513 9969 7500 4777 11664 2032 9986 7516 9978 1468 9992 2014 1584 
1 9 6412 3721 3616 6408 910 6320 856 6424 9090 
1 9 9592 8994 9653 11332 10797 6311 773 3718 908 
1 7 908 3718 773 6311 8979 922 9090 
1 8 4292 7096 10765 9103 9116 10787 6441 9090 
2 5 10687 10718 872 4352 4292 
1 4 4292 4228 7086 9592 
2 3 9592 7029 4231 
2 9 4231 11335 4545 9764 11806 4438 7166 4418 4383 
2 7 10687 809 9035 883 4344 4282 4231 
2 7 638 638 638 638 638 638 11073 
1 9 638 638 11470 9800 7258 11380 9701 7151 4383 
1 5 4231 1527 11440 7241 638 
2 8 3362 5923 8645 8765 508 6056 8751 10589 
3 4 10470 5945 3195 3362 
2 6 3362 5975 10332 3251 8640 10472 
2 3 8547 5829 5893 
2 5 8547 8607 8562 10210 319 
1 4 10938 9160 10921 9128 
2 5 6087 8642 8668 3293 481 
1 4 10671 7106 1433 903 
1 3 998 858 6445 
1 3 6445 3700 903 
1 3 6249 686 3479 
1 3 525 10431 5940 
1 3 3479 10608 717 
1 6 717 3528 3352 6101 374 3229 
1 6 2920 10041 2963 63 172 10085 
1 5 8454 10118 2859 5682 2974 
1 12 2974 2842 8339 2874 8426 170 5680 10051 8473 8377 5726 10085 
1 5 130 5623 8375 2923 5680 
1 4 8334 10017 2917 5672 
1 9 11 11 11 11 10087 10119 10053 141 10085 
1 8 3440 6203 663 6250 3497 6260 10628 8970 
1 9 3855 10843 9301 10981 3883 1149 6549 9175 1075 
2 4 3893 9185 10960 9278 
2 4 6616 9268 3753 3850 
1 4 3893 9185 10960 9278 
2 9 11275 11275 3563 1963 11619 74 9871 1820 4713 
1 7 11326 7104 1543 1569 9942 9891 9285 
1 4 10846 6473 9208 10810 
1 9 9285 3668 4657 1730 4603 9024 7472 9967 9915 
1 6 4603 1945 11573 9612 11294 1478 
1 4 1820 1940 1873 9967 
1 14 3364 738 8959 8943 10618 8911 8908 677 10556 648 10538 8847 633 3444 
1 11 738 3550 6298 8639 3548 6267 10646 722 8937 6262 10628 
5 5 10175 209 5819 3012 3119 
1 5 3334 3232 3297 10454 3357 
1 5 3090 5841 5768 8766 3297 
2 8 5848 338 8738 10270 3162 10253 8535 10170 
2 7 5848 10316 8609 8618 5892 8598 5663 
2 12 10279 332 10255 10386 8697 3328 3267 8671 3184 10466 6045 6021 
3 7 10618 6255 8924 10616 8922 8956 10646 
1 8 7015 11236 4244 9546 4230 9522 9512 1576 
1 12 11236 6992 2020 11668 1457 1997 4212 1422 1399 10989 1376 7102 
2 8 6870 9426 9397 11057 9573 7021 6818 6949 
1 4 1544 4337 1582 9518 
1 6 9518 1278 960 3879 6589 9174 
1 4 6701 11015 1224 6794 
1 8 6794 11082 4084 6861 11150 4096 9489 11178 
1 9 1348 11009 6760 1260 1330 11171 4005 9393 1253 
1 10 735 10526 10541 10570 8880 3470 680 682 10591 6243 
3 5 3359 544 5959 10483 3208 
3 8 3304 475 5999 402 3208 8789 10404 10387 
3 11 3138 10190 241 8604 3086 10294 342 8555 5805 5762 8496 
1 4 10365 8687 476 10432 
1 4 525 5794 10272 8538 
1 7 525 3333 10224 10247 273 299 3132 
1 5 279 309 195 288 380 
3 6 10150 5835 10320 8493 180 10178 
1 7 8585 10299 10160 349 324 3128 5906 
1 6 10178 220 5739 8 104 8380 
3 7 5979 6010 6024 488 512 3296 10404 
3 6 488 10441 3344 3246 10403 3304 
1 9 168 168 168 168 168 11558 9250 2909 9977 
5 3 6479 3809 10936 
5 3 6479 3809 10936 
1 6 10936 1100 10868 3893 3824 3938 
1 7 6476 11752 1071 1861 4686 4623 9128 
3 10 10280 8573 3001 5759 5576 81 136 10092 2890 10054 
1 8 3001 5759 5576 81 136 10092 2890 10054 
3 9 10305 8597 8527 8588 10095 8314 5654 5704 2932 
1 5 3355 10451 8656 6105 3267 
1 9 3267 8711 3244 6055 10401 8750 531 10361 8644 
1 15 8970 8815 3236 6019 6003 8693 10383 6119 6787 11117 9440 10993 1165 4032 3959 
1 12 2035 7512 4783 4776 1835 9926 4760 11657 7526 1962 9938 11537 
1 2 1032 3938 
1 5 11553 1946 7335 4719 4654 
1 3 4654 7406 9872 
1 4 9872 4642 1903 11683 
1 3 4654 11620 7313 
1 2 1032 6616 
1 4 4263 6655 9215 6589 
1 2 11011 1275 
1 5 3793 1143 1072 3855 10843 
1 4 1072 3932 9879 373 
1 3 373 10840 1006 
1 2 3799 10981 
1 3 9213 11890 11219 
1 3 9213 6609 10863 
1 3 10863 10931 6540 
1 4 6540 10958 1010 10888 
1 3 10958 1096 9210 
1 6 9210 6497 6653 3875 11920 3809 
1 2 3734 6479 
1 3 3812 6558 10853 
1 4 6479 3734 6629 3812 
1 4 11882 1017 3877 3812 
1 4 11882 938 7061 11219 
1 2 9213 6653 
1 5 11219 7061 6584 3791 3734 
1 6 1017 10800 7283 10856 9172 6546 
1 4 9953 4573 6621 10888 
3 4 1924 1892 11524 9953 
1 2 6606 11326 
1 2 4651 4713 
1 3 3563 1537 9285 
1 4 1963 11619 4720 4603 
1 2 4293 6616 
1 3 10960 961 3850 
1 4 1075 3868 9299 6546 
1 2 6658 10873 
1 3 10945 1109 9126 
1 5 3750 955 6612 6526 9253 
4 4 782 9031 877 10750 
1 5 477 8731 11866 8747 10434 
1 9 10348 450 8658 6103 10463 3356 5954 8774 10436 
1 2 10393 8719 
1 4 6161 10527 10540 10393 
1 2 8839 3436 
1 2 6208 8918 
1 7 622 8854 650 3473 6229 11909 10593 
1 2 5801 3091 
1 6 6428 516 11695 3532 8696 8668 
1 6 6036 8729 10416 10444 4850 8783 
1 6 8729 6049 3515 11695 10477 8785 
1 3 419 6009 10411 
1 5 10476 540 5951 6064 6102 
1 2 3047 6001 
1 2 8722 2997 
1 5 8716 10391 3286 518 6103 
1 2 10393 8719 
1 2 468 8719 
1 2 10740 867 
1 3 4691 7317 2970 
1 3 2970 8410 7353 
1 4 7353 7461 4664 4625 
1 4 1951 8403 10144 7353 
1 3 4749 9977 1951 
1 6 1928 4609 7405 9911 5590 1951 
1 5 11509 1933 1790 1862 4625 
1 5 9928 11567 1846 9964 1928 
1 4 11553 4715 4681 1892 
1 7 1898 9910 11541 11605 7326 4722 11509 
1 4 4606 7359 1965 1898 
1 4 9964 11628 1890 11509 
1 2 1773 9971 
1 4 11662 7499 9970 11683 
1 4 9154 9127 999 6664 
1 5 6664 6637 9168 3730 1563 
1 3 1563 982 4330 
1 2 8674 11227 
1 4 1669 7168 4479 4422 
1 2 1743 3521 
1 2 4451 11428 
1 3 8838 4467 3552 
1 2 6376 3636 
1 2 3549 4000 
1 2 4015 1369 
1 4 9692 4540 9449 1662 
3 4 5776 5843 8545 3138 
1 2 5827 344 
1 5 275 3143 5896 8510 10196 
1 6 11918 10183 10284 3032 11917 275 
1 4 10284 3097 10212 3020 
1 5 10301 266 10256 310 8525 
1 4 266 5734 8481 11918 
1 4 8525 10211 8487 10175 
1 6 10417 3257 3345 511 11915 8524 
1 4 8524 5854 5882 3132 
1 5 8524 8572 10234 10312 10175 
1 5 8790 211 284 10259 10234 
5 5 490 11906 10485 5963 10417 
1 6 3229 453 8715 8743 524 10432 
1 4 524 6109 8661 10417 
1 5 10593 11910 3509 10625 3352 
1 6 3458 11908 668 3493 533 11926 
1 6 3458 11907 6206 8894 8897 6243 
1 2 10333 10365 
1 2 10333 418 
1 4 10637 10489 5956 3229 
1 2 11926 10637 
1 2 476 3334 
3 5 383 8673 3269 523 3357 
1 4 383 10325 466 3297 
3 6 383 11914 3308 10389 467 3243 
1 6 383 8780 3187 5937 438 3246 
3 4 3304 378 5851 5906 
1 6 10196 10300 10236 348 3157 5804 
3 7 10280 10260 333 8537 10221 11901 5889 
3 5 11901 3044 312 8494 5759 
1 9 8970 6124 10357 8679 5991 6021 485 10402 3306 
3 3 3359 11898 3306 
3 7 10646 6296 3191 446 3252 463 3306 
1 5 8641 11913 10346 10378 10387 
1 4 5979 6010 8685 10378 
1 4 3364 8961 11911 8641 
1 4 3505 3523 728 8961 
1 3 3505 3531 682 
1 3 1730 11623 1795 
1 2 8970 720 
5 4 8446 10043 10218 10062 
5 2 10062 2944 
5 3 135 10062 2944 
1 2 135 2944 
1 2 135 2944 
1 5 8380 5628 5586 68 109 
3 4 109 2877 8421 8446 
3 6 109 10045 8370 2862 10068 10150 
3 4 8380 8431 10055 136 
1 4 8538 8476 10161 10301 
1 5 3104 5850 249 11916 10301 
1 3 3528 8659 441 
1 5 6097 406 3320 11905 490 
1 5 453 10382 3271 11903 490 
5 4 10300 3127 8536 3012 
2 6 10054 5619 58 8358 2889 10116 
1 6 112 10121 8438 5677 10076 8398 
1 4 3792 3822 1027 10866 
1 5 1399 11189 9975 7536 7521 
1 4 2041 2038 4775 2036 
1 3 1724 7235 1714 
1 4 1724 4488 11439 11429 
1 6 4265 1506 7288 1643 7200 11429 
1 3 4265 9543 9509 
1 5 1724 11453 4500 7248 2036 
1 7 10814 9271 6513 6662 10915 9149 6539 
1 2 6577 971 
1 2 10849 6539 
1 2 10896 1063 
4 3 9031 3673 3709 
1 2 6449 6290 
1 3 8995 10524 622 
1 3 9093 9108 8995 
1 4 1094 1134 10926 10846 
1 4 6540 974 1151 10888 
1 2 3791 3875 
1 2 11884 3867 
1 2 11883 11884 
3 4 11900 5919 8578 5804 
3 7 5889 11902 5797 8516 8575 10153 112 
3 4 8578 5804 8622 5843 
2 3 8575 10180 8494 
1 4 10280 5817 10313 10196 
5 6 5889 11899 3170 3111 246 10300 
3 5 10190 10248 255 10162 5827 
3 7 10305 5813 8590 5871 2988 8543 5827 
3 7 10305 5838 10217 10322 10203 10244 8522 
3 4 5838 8556 3163 3067 
1 7 3067 5911 8517 8508 8428 106 2906 
1 4 3067 8497 3099 5848 
1 3 5783 252 344 
3 5 5827 8475 10262 8519 8622 
1 3 8516 10293 5827 
3 5 5889 11900 271 10293 5827 
1 4 4594 1152 10929 6567 
3 4 1096 11925 10891 9141 
1 4 11949 11948 11946 11943 
1 4 9805 11958 11952 11949 
1 2 1094 3926 
1 4 9597 11078 11106 6870 
1 8 11147 11175 1191 11049 1287 9455 7422 4136 
1 3 4136 11130 4135 
1 6 4135 9849 7411 1331 4104 6688 
1 3 4135 6844 9483 
1 4 6688 9880 4774 4132 
1 5 4132 11172 3516 4119 4320 
1 4 4320 4663 9634 11325 
1 9 11325 6142 7088 4003 6758 9368 11046 1243 9352 
1 7 9352 4030 6786 11035 9395 11685 11074 
1 5 11074 11685 1284 4087 1300 
1 5 11147 4093 1290 1277 9401 
1 7 9401 9385 1222 6922 11181 7105 4360 
1 2 4360 1580 
1 5 4058 4019 6871 4147 11119 
1 5 4058 4019 6871 7395 3513 
1 7 3513 7420 11201 4747 1696 9951 4428 
1 2 1905 9634 
1 2 4049 11049 
1 5 9371 6902 9470 4110 11147 
1 5 9371 11277 1475 11094 9401 
1 7 6287 11238 12005 11999 11993 11983 11986 
1 9 11986 1859 11977 11980 11974 1904 11975 4568 1949 
1 10 11986 11991 1847 12000 12008 12013 12026 1915 12033 9848 
1 16 11986 11991 11992 11996 11998 12002 12003 1840 12014 12022 12028 1943 12038 12039 12040 1503 
1 8 3600 9877 12038 12037 12032 12023 12012 11997 
1 4 11986 11988 11989 11984 
5 4 11986 11981 11976 11973 
1 4 12047 3500 689 3498 
1 4 9915 9868 9553 7045 
1 4 7045 11229 1532 6934 
1 3 5925 3198 5979 
1 4 993 10982 1065 9154 
1 5 9154 9166 11221 11799 6564 
1 4 4428 11263 9583 11240 
1 5 11275 9940 1899 859 9942 
1 5 9413 11079 1197 6696 9500 
1 6 9500 1349 12080 12082 1280 6836 
1 5 6836 12081 12079 12078 1979 
1 6 1979 6905 2047 11649 12073 1153 
1 4 1261 1249 12072 1153 
1 4 1261 12064 11666 7525 
1 8 7525 11159 2028 9442 6820 12066 12063 9413 
1 5 11147 1346 6858 3943 1261 
1 11 9331 9374 6776 9347 1234 3992 4036 1044 9358 6696 9500 
1 3 9352 4078 9439 
1 10 9439 1528 9622 11204 4037 11228 1044 9358 6696 9500 
1 9 1285 1256 3960 11158 1317 9482 11118 7216 9441 
2 6 9441 9412 9844 1233 11040 1360 
2 7 1360 11134 4079 9345 9474 6779 11095 
1 4 1285 4102 1169 11003 
1 9 3972 6907 11127 11072 1238 3999 1169 4102 1285 
1 7 4293 1485 4168 1566 9922 9940 11275 
1 6 11275 11606 11590 9937 11506 7383 
1 5 7383 10594 11525 1958 4651 
1 5 4713 4621 9941 11625 7368 
1 7 7368 1917 11759 9876 4677 1124 3233 
1 4 9846 7451 7391 4703 
1 4 12052 1480 9588 9239 
1 3 11021 4688 4674 
1 4 9566 11244 6954 12052 
1 5 4240 4266 12054 7037 12053 
1 5 3976 10937 6591 3894 10818 
1 4 12053 1546 4327 10818 
1 5 12055 7014 9602 4327 10818 
1 6 10818 10857 1021 7070 9663 1521 
1 4 9174 10899 10857 10818 
1 10 6564 11333 11188 10904 4205 9220 6562 1535 7084 6603 
1 7 6467 3873 9480 11276 6666 6896 6568 
1 3 6568 9665 6564 
1 7 6603 1413 3856 9133 6483 10935 3811 
1 8 3811 9282 4252 11293 4289 1881 7081 1544 
1 5 6949 1198 4022 11011 1275 
1 4 1275 11011 4065 1348 
1 4 1275 9332 9459 9518 
1 4 1544 4302 11267 4263 
1 3 1028 4304 1521 
1 6 1028 9965 6928 1436 4302 1544 
1 7 1544 1507 1115 3942 7362 7400 1264 
1 13 1264 6908 4226 1060 1141 1117 4363 1413 3856 9133 6483 10935 3811 
1 2 3811 1130 
1 10 9158 6525 1042 10946 9265 6639 6475 3917 3774 3730 
1 5 6482 9216 6587 942 10803 
1 6 10803 3880 947 1106 10862 6493 
1 7 6894 9465 11075 9354 3981 11143 9597 
1 9 4130 9437 4059 11328 1269 4031 9625 11143 9597 
1 5 4130 6812 11060 6736 9340 
1 6 9340 10994 6843 1273 9357 9315 
1 10 9315 9485 4108 1247 6745 11176 4126 9199 10825 1130 
1 5 4240 4291 1571 11185 12052 
1 5 11021 4688 11568 9856 4240 
1 4 4240 4266 6991 12055 
1 3 11210 9521 6914 
1 4 6914 1467 1494 1521 
1 5 3976 3936 1389 9530 12052 
1 5 9212 11564 4660 10839 7444 
1 7 7444 1262 9472 11562 9949 11531 7390 
1 6 6805 4050 1375 9330 11064 9454 
1 4 9454 6898 1213 9422 
1 5 7390 11030 4044 11154 6909 
1 3 9422 4145 6730 
1 3 6909 1183 1266 
1 4 1266 6753 1354 6730 
1 6 7444 4725 6873 6715 4020 1218 
1 5 1294 11148 6697 4124 1218 
1 5 1955 11627 10928 9917 7386 
1 4 7386 9950 1863 9846 
1 5 1955 4577 7306 1960 9900 
1 4 9900 1968 4607 9212 
1 4 12055 7014 9557 11210 
