1 11 
1 35 
1 46 
1 66 
1 109 
1 112 
1 113 
1 130 
1 168 
1 169 
1 184 
1 214 
1 243 
1 257 
1 275 
1 279 
1 290 
1 319 
1 330 
1 343 
1 350 
1 356 
1 359 
1 364 
1 367 
1 373 
1 383 
1 441 
1 450 
1 457 
1 460 
1 477 
1 479 
1 481 
1 490 
1 505 
1 525 
1 537 
1 552 
1 568 
1 584 
1 585 
1 601 
1 622 
1 623 
1 636 
1 638 
1 641 
1 651 
1 652 
1 655 
1 682 
1 687 
1 689 
1 703 
1 706 
1 709 
1 745 
1 751 
1 762 
1 782 
1 795 
1 837 
1 843 
1 845 
1 867 
1 869 
1 871 
1 878 
1 900 
1 903 
1 908 
1 913 
1 924 
1 971 
1 993 
1 994 
1 1015 
1 1028 
1 1038 
1 1063 
1 1075 
1 1077 
1 1081 
1 1090 
1 1095 
1 1121 
1 1127 
1 1130 
1 1223 
1 1237 
1 1264 
1 1266 
1 1275 
1 1285 
1 1294 
1 3976 
1 1348 
1 1353 
1 1360 
1 1399 
1 1404 
1 1412 
1 1453 
1 1461 
1 1470 
1 1476 
1 1495 
1 1512 
1 1534 
1 1536 
1 1544 
1 1563 
1 1568 
1 1578 
1 1584 
1 1669 
1 1714 
1 1717 
1 1724 
1 1729 
1 1735 
1 1741 
1 1748 
1 1766 
1 1795 
1 1835 
1 1898 
1 1924 
1 1928 
1 1940 
1 1955 
1 1958 
1 1963 
1 1979 
1 1982 
1 2035 
1 2036 
1 2041 
1 2043 
1 2048 
1 2822 
1 2834 
1 2888 
1 2920 
1 2931 
1 2932 
1 2936 
1 2944 
1 2945 
1 2970 
1 2974 
1 2976 
1 3058 
1 3067 
1 3072 
1 3079 
1 3086 
1 3091 
1 3098 
1 3104 
1 3109 
1 3110 
1 3119 
1 3121 
1 3138 
1 3150 
1 3159 
1 3171 
1 3172 
1 3208 
1 3229 
1 3233 
1 3235 
1 3267 
1 3278 
1 3299 
1 3304 
1 3306 
1 3321 
1 3329 
1 3338 
1 3346 
1 3355 
1 3357 
1 3358 
1 3362 
1 3365 
1 3371 
1 3378 
1 3427 
1 3428 
1 3436 
1 3440 
1 3443 
1 3444 
1 3445 
1 3458 
1 3464 
1 3468 
1 3479 
1 3490 
1 3505 
1 3512 
1 3513 
1 3546 
1 3549 
1 3551 
1 3582 
1 3600 
1 3636 
1 3640 
1 3674 
1 3685 
1 3692 
1 3702 
1 3705 
1 3707 
1 3730 
1 3750 
1 3788 
1 3792 
1 3793 
1 3799 
1 3809 
1 3811 
1 3812 
1 3834 
1 3838 
1 3844 
1 3845 
1 3846 
1 3847 
1 3864 
1 3891 
1 3922 
1 3926 
1 3938 
1 3972 
1 3976 
1 4004 
1 4008 
1 4015 
1 4074 
1 4130 
1 4132 
1 4135 
1 4136 
1 4190 
1 4231 
1 4240 
1 4242 
1 4263 
1 4265 
1 4290 
1 4292 
1 4320 
1 4330 
1 4351 
1 4383 
1 4400 
1 4422 
1 4428 
1 4433 
1 4434 
1 4438 
1 4451 
1 4482 
1 4504 
1 4531 
1 4535 
1 4542 
1 4547 
1 4559 
1 4594 
1 4606 
1 4625 
1 4627 
1 4647 
1 4651 
1 4654 
1 12053 
1 4691 
1 4703 
1 4779 
1 4783 
1 4792 
1 5644 
1 5656 
1 5663 
1 5759 
1 5776 
1 5792 
1 5796 
1 5801 
1 5803 
1 5810 
1 5825 
1 5827 
1 5842 
1 5846 
1 5848 
1 5873 
1 5882 
1 5884 
1 5886 
1 5889 
1 5893 
1 5898 
1 5906 
1 5954 
1 5969 
1 5979 
1 5993 
1 6015 
1 6026 
1 6041 
1 6062 
1 6064 
1 6087 
1 6097 
1 6110 
1 6117 
1 6130 
1 6161 
1 6212 
1 6213 
1 6234 
1 6236 
1 6268 
1 6282 
1 6287 
1 6290 
1 6329 
1 6343 
1 6353 
1 6364 
1 6376 
1 6382 
1 6383 
1 6397 
1 6409 
1 6412 
1 6427 
1 6437 
1 6445 
1 6449 
1 6454 
1 6457 
1 6464 
1 6479 
1 6482 
1 6493 
1 6536 
1 6539 
1 6540 
1 6546 
1 6548 
1 6549 
1 6554 
1 6564 
1 6567 
1 6577 
1 6592 
1 6598 
1 6603 
1 6604 
1 6616 
1 6634 
1 6648 
1 6651 
1 6656 
1 6664 
1 6667 
1 6677 
1 6688 
1 6701 
1 6708 
1 6709 
1 6725 
1 6730 
1 6739 
1 6780 
1 6805 
1 6826 
1 6839 
1 6851 
1 6870 
1 6880 
1 6895 
1 6909 
1 6914 
1 6934 
1 6937 
1 6949 
1 7003 
1 7013 
1 7015 
1 7025 
1 7045 
1 7080 
1 7094 
1 7102 
1 7204 
1 7212 
1 7213 
1 7266 
1 7349 
1 7353 
1 7371 
1 7383 
1 7386 
1 7390 
1 9941 
1 7417 
1 7444 
1 7471 
1 7513 
1 7523 
1 7525 
1 7538 
1 8314 
1 8349 
1 8351 
1 8368 
1 8380 
1 8398 
1 8446 
1 8454 
1 8496 
1 8500 
1 8524 
1 8528 
1 8533 
1 8538 
1 8547 
1 8565 
1 8570 
1 8577 
1 8585 
1 8620 
1 8639 
1 8646 
1 8651 
1 8658 
1 8674 
1 8682 
1 8707 
1 8714 
1 8719 
1 8720 
1 8722 
1 8727 
1 8732 
1 8739 
1 8741 
1 8772 
1 8783 
1 8790 
1 8794 
1 8824 
1 8828 
1 8838 
1 8839 
1 8846 
1 8866 
1 8873 
1 8877 
1 8888 
1 8909 
1 8930 
1 8936 
1 8944 
1 8954 
1 8970 
1 8978 
1 8995 
1 9022 
1 9029 
1 9036 
1 9037 
1 9047 
1 9090 
1 9095 
1 9098 
1 9099 
1 9100 
1 9104 
1 9128 
1 9130 
1 9135 
1 9141 
1 9154 
1 12055 
1 9158 
1 9159 
1 9173 
1 9174 
1 9177 
1 9181 
1 9183 
1 9184 
1 9207 
1 9212 
1 9214 
1 9239 
1 9241 
1 9247 
1 9253 
1 9255 
1 9285 
1 9303 
1 9315 
1 9340 
1 9378 
1 9401 
1 9422 
1 9429 
1 9441 
1 9454 
1 9473 
1 9502 
1 9511 
1 9518 
1 9534 
1 9555 
1 9565 
1 9566 
1 9574 
1 9592 
1 9597 
1 9603 
1 9607 
1 1521 
1 9710 
1 9753 
1 9756 
1 9805 
1 9815 
1 9816 
1 9834 
1 9846 
1 9848 
1 9859 
1 9862 
1 9872 
1 4677 
1 9887 
1 9900 
1 9915 
1 9926 
1 9942 
1 9945 
1 9953 
1 9960 
1 9971 
1 9984 
1 9994 
1 10012 
1 10054 
1 10074 
1 10085 
1 10097 
1 10116 
1 10150 
1 10163 
1 10170 
1 10175 
1 10178 
1 10196 
1 10233 
1 10237 
1 10280 
1 10297 
1 10301 
1 10302 
1 10305 
1 10317 
1 10327 
1 10348 
1 10365 
1 10393 
1 10395 
1 10404 
1 10407 
1 10432 
1 10434 
1 10459 
1 10467 
1 10470 
1 10472 
1 10476 
1 10509 
1 10512 
1 10514 
1 10577 
1 10589 
1 10593 
1 10599 
1 10632 
1 10637 
1 10670 
1 10671 
1 10687 
1 10689 
1 10711 
1 10722 
1 10726 
1 10733 
1 10739 
1 10740 
1 10743 
1 10750 
1 10803 
1 10810 
1 10818 
1 10837 
1 10849 
1 10857 
1 10858 
1 10863 
1 10864 
1 10866 
1 10874 
1 10887 
1 10888 
1 10896 
1 10925 
1 10936 
1 10938 
1 10955 
1 11012 
1 11021 
1 11073 
1 11084 
1 11093 
1 11095 
1 11147 
1 11178 
1 11207 
1 11210 
1 11227 
1 11240 
1 11251 
1 11269 
1 11275 
1 11282 
1 11326 
1 11349 
1 11374 
1 11415 
1 11418 
1 11428 
1 11429 
1 11449 
1 11496 
1 11509 
1 11532 
1 11550 
1 11565 
1 11582 
1 11651 
1 11695 
1 11878 
1 11882 
1 11884 
1 11890 
1 11918 
1 11943 
1 11949 
1 11986 
1 12047 
1 12052 
