1;2760.00;10.43;1563.00;big
1;2791.00;10.10;1571.00;big
2;2734.00;11.30;1576.00;big
2;2763.00;11.38;1612.00;big
3;2720.00;13.20;1692.00;big
3;2735.00;11.82;1657.00;big
4;2683.00;10.40;1626.00;big
4;2695.00;9.50;1626.00;big
5;2882.00;9.73;1537.00;big
5;2900.00;9.60;1570.00;big
6;2967.00;9.70;1632.00;big
6;2945.00;9.70;1573.00;big
7;2975.00;11.25;1493.00;big
7;2929.00;10.90;1520.00;big
8;3002.00;9.80;1563.00;big
8;3048.00;9.80;1564.00;big
9;3122.00;9.62;1741.00;big
9;3168.00;9.50;1858.00;big
10;3042.00;10.68;1678.00;big
10;3065.00;9.50;1725.00;big
11;2975.00;12.68;1807.00;big
11;2943.00;11.53;1723.00;big
12;3330.00;11.05;1927.00;big
12;3228.00;10.70;1924.00;big
13;3314.00;10.23;1810.00;big
13;3210.00;10.15;1784.00;big
14;3902.00;9.70;1678.00;big
14;3787.00;10.40;1688.00;big
15;2821.00;9.50;1650.00;big
15;2800.00;9.50;1783.00;big
16;3515.00;10.90;759.00;big
16;3419.00;16.58;853.00;big
17;2754.00;9.50;1518.00;big
17;2836.00;9.50;1555.00;big
18;2850.00;9.80;1496.00;big
18;2896.00;10.43;1482.00;big
19;2887.00;9.73;1414.00;big
19;2826.00;10.00;1407.00;big
20;3034.00;13.90;1469.00;big
20;2975.00;16.30;1456.00;big
21;3041.00;11.75;1519.00;big
21;3101.00;12.53;1496.00;big
22;3005.00;10.62;1380.00;big
22;2963.00;9.70;1424.00;big
23;3127.00;11.38;1375.00;big
23;3067.00;10.93;1417.00;big
24;3214.00;10.98;1347.00;big
24;3152.00;10.45;1312.00;big
25;3240.00;9.90;1450.00;big
25;3199.00;10.25;1387.00;big
26;3096.00;9.80;1457.00;big
26;3170.00;15.30;1452.00;big
27;3374.00;11.35;1180.00;big
27;3413.00;10.78;1242.00;big
28;3029.00;9.50;1248.00;big
28;3121.00;9.50;1237.00;big
29;3341.00;10.70;1414.00;big
29;3260.00;9.50;1382.00;big
30;4006.00;11.80;869.00;big
30;4089.00;13.80;955.00;big
31;1245.00;9.50;119.00;big
31;1155.00;9.50;410.00;big
32;633.00;9.50;1954.00;big
32;376.00;9.95;1930.00;big
33;1544.00;9.70;1006.00;big
33;1558.00;9.93;1012.00;big
34;2024.00;11.30;1989.00;big
34;2138.00;14.23;1954.00;big
35;3214.00;10.30;1689.00;big
35;3171.00;9.85;1635.00;big
36;3141.00;9.90;1534.00;big
36;3114.00;9.80;1586.00;big
37;3466.00;10.32;1511.00;big
37;3532.00;10.50;1542.00;big
38;3644.00;9.80;1677.00;big
38;3555.00;9.82;1652.00;big
39;2772.00;14.00;1357.00;big
39;2807.00;11.32;1343.00;big
40;2735.00;9.50;1437.00;big
40;2670.00;9.50;1407.00;big
41;2610.00;9.50;1665.00;big
41;2643.00;9.50;1526.00;big
42;2414.00;9.50;1852.00;big
42;2294.00;9.50;1931.00;big
43;2650.00;9.50;1933.00;big
43;2877.00;9.50;1939.00;big
44;3464.00;9.50;1939.00;big
44;3186.00;9.50;2023.00;big
45;2588.00;9.50;1347.00;big
45;2532.00;9.50;1241.00;big
46;2616.00;9.50;1172.00;big
46;2527.00;9.50;1047.00;big
47;2431.00;9.50;1506.00;big
47;2307.00;9.50;1671.00;big
48;2078.00;9.50;1765.00;big
48;1867.00;9.50;1978.00;big
49;2321.00;9.50;1332.00;big
49;2191.00;9.50;1473.00;big
50;1330.00;9.50;1194.00;big
50;1363.00;9.50;1299.00;big
51;1848.00;9.50;1095.00;big
51;1605.00;9.57;1159.00;big
52;1778.00;9.50;1570.00;big
52;1701.00;9.50;1492.00;big
53;1875.00;9.50;1693.00;big
53;1868.00;9.50;1583.00;big
54;2089.00;9.50;1303.00;big
54;2034.00;9.50;1461.00;big
55;1863.00;9.50;1433.00;big
55;1804.00;9.50;1309.00;big
56;2265.00;9.50;1153.00;big
56;2355.00;9.50;1038.00;big
57;2087.00;9.50;952.00;big
57;2001.00;9.50;1114.00;big
58;3854.00;9.50;724.00;big
58;3782.00;9.50;509.00;big
59;2296.00;9.50;872.00;big
59;2491.00;9.50;826.00;big
60;2696.00;9.50;581.00;big
60;2874.00;9.50;404.00;big
61;1619.00;9.50;96.00;big
61;1844.00;9.50;81.00;big
62;2025.00;9.50;104.00;big
62;2338.00;9.50;117.00;big
63;3300.00;9.50;58.00;big
63;3028.00;9.50;119.00;big
64;2433.00;9.50;538.00;big
64;2210.00;9.50;377.00;big
65;2853.00;9.50;100.00;big
65;2649.00;9.50;149.00;big
66;2795.00;9.50;1263.00;big
66;2874.00;9.50;1316.00;big
67;3228.00;9.50;1207.00;big
67;3317.00;11.05;1229.00;big
68;3618.00;9.50;1344.00;big
68;3599.00;9.50;1431.00;big
69;4072.00;9.50;529.00;big
69;4264.00;9.50;570.00;big
70;4348.00;9.50;738.00;big
70;4474.00;9.50;653.00;big
71;4410.00;9.50;754.00;big
71;4412.00;9.50;798.00;big
72;4184.00;9.50;93.00;big
72;4117.00;9.50;288.00;big
73;4532.00;9.50;768.00;big
73;4634.00;9.50;919.00;big
74;4817.00;9.50;1102.00;big
74;4690.00;13.30;1041.00;big
75;4725.00;9.50;1289.00;big
75;4712.00;9.50;1191.00;big
76;4879.00;9.50;937.00;big
76;4871.00;9.50;789.00;big
77;5006.00;9.50;1471.00;big
77;4908.00;9.50;1320.00;big
78;4689.00;9.50;798.00;big
78;4703.00;9.50;711.00;big
79;5236.00;9.50;355.00;big
79;5096.00;9.50;419.00;big
80;4959.00;9.50;401.00;big
80;4950.00;9.50;481.00;big
81;5421.00;9.50;360.00;big
81;5280.00;9.50;520.00;big
82;5173.00;10.25;600.00;big
82;5019.00;9.50;739.00;big
83;3617.00;9.50;169.00;big
83;3870.00;9.50;200.00;big
84;5251.00;9.50;123.00;big
84;5519.00;9.50;154.00;big
85;5132.00;9.50;1655.00;big
85;5096.00;9.50;1464.00;big
86;116.00;9.50;1877.00;big
86;5500.00;9.50;1730.00;big
87;829.00;9.50;1528.00;big
87;901.00;9.50;1366.00;big
88;4942.00;9.50;1182.00;big
88;5058.00;9.50;1292.00;big
89;4883.00;9.50;543.00;big
89;4824.00;9.50;499.00;big
90;4634.00;9.50;393.00;big
90;4734.00;9.50;449.00;big
91;4677.00;14.18;606.00;big
91;4795.00;9.50;641.00;big
92;5127.00;9.50;921.00;big
92;5028.00;10.50;1066.00;big
93;48.00;9.50;1185.00;big
93;5475.00;9.50;1177.00;big
94;11.00;9.50;1526.00;big
94;5448.00;9.50;1500.00;big
95;78.00;9.50;670.00;big
95;5452.00;10.38;746.00;big
96;4945.00;9.50;79.00;big
96;4744.00;9.50;68.00;big
97;4551.00;9.50;406.00;big
97;4385.00;9.50;472.00;big
98;3535.00;9.50;845.00;big
98;3621.00;9.50;870.00;big
99;4224.00;9.50;875.00;big
99;4071.00;10.03;776.00;big
100;3599.00;9.50;696.00;big
100;3499.00;9.50;516.00;big
101;3457.00;9.50;353.00;big
101;3381.00;9.50;244.00;big
102;3849.00;9.50;963.00;big
102;3735.00;9.50;882.00;big
103;432.00;9.50;1007.00;big
103;272.00;9.50;1162.00;big
104;1054.00;9.50;1241.00;big
104;1284.00;9.50;1091.00;big
105;1439.00;9.50;995.00;big
105;1515.00;9.50;919.00;big
106;1610.00;9.50;494.00;big
106;1564.00;9.50;261.00;big
107;1507.00;9.50;643.00;big
107;1450.00;9.50;782.00;big
108;1173.00;9.50;690.00;big
108;1198.00;9.50;914.00;big
109;688.00;9.50;1135.00;big
109;892.00;9.50;1047.00;big
110;672.00;9.50;120.00;big
110;268.00;9.50;147.00;big
111;665.00;9.50;333.00;big
111;824.00;9.50;457.00;big
112;342.00;9.50;1730.00;big
112;642.00;9.50;1686.00;big
113;748.00;9.50;1471.00;big
113;578.00;9.50;1448.00;big
114;3702.00;12.07;1185.00;big
114;3571.00;14.32;1235.00;big
115;1508.00;10.40;1405.00;big
115;1586.00;11.43;1523.00;big
116;907.00;12.75;1633.00;big
116;938.00;9.73;1477.00;big
117;1189.00;13.00;1439.00;big
117;1292.00;10.00;1409.00;big
118;1138.00;12.40;1649.00;big
118;1226.00;13.38;1553.00;big
119;1749.00;11.68;1819.00;big
119;1566.00;10.23;1652.00;big
120;1201.00;10.90;1809.00;big
120;907.00;12.95;1811.00;big
121;1719.00;9.70;1069.00;big
121;1800.00;10.90;950.00;big
122;2946.00;9.70;1204.00;big
122;3020.00;10.20;1167.00;big
123;3181.00;10.30;1085.00;big
123;2866.00;12.32;1118.00;big
124;3235.00;9.60;1141.00;big
124;3316.00;9.78;1144.00;big
125;3274.00;12.98;1296.00;big
125;3401.00;18.88;1311.00;big
126;3208.00;10.90;1510.00;big
126;3286.00;10.35;1510.00;big
127;3216.00;10.53;1584.00;big
127;3274.00;9.80;1586.00;big
128;3353.00;9.90;1688.00;big
128;3276.00;9.70;1691.00;big
129;3454.00;10.40;1659.00;big
129;3466.00;9.90;1590.00;big
130;3532.00;11.25;1336.00;big
130;3474.00;12.90;1371.00;big
131;3439.00;9.73;1437.00;big
131;3519.00;10.38;1424.00;big
132;3954.00;10.90;1480.00;big
132;3770.00;9.70;1402.00;big
133;3621.00;12.07;1566.00;big
133;3592.00;9.60;1489.00;big
134;3721.00;12.43;1664.00;big
134;3713.00;16.12;1573.00;big
135;3222.00;13.78;187.00;big
135;3074.00;14.12;278.00;big
136;2661.00;11.48;858.00;big
136;2872.00;10.88;803.00;big
137;4167.00;10.30;1045.00;big
137;4239.00;10.38;1057.00;big
138;4464.00;9.82;855.00;big
138;4410.00;9.90;943.00;big
139;4617.00;9.70;1280.00;big
139;4642.00;13.07;1362.00;big
140;4480.00;12.93;1201.00;big
140;4460.00;13.03;1304.00;big
141;3986.00;19.65;1234.00;big
141;4012.00;21.05;1219.00;big
142;4035.00;9.88;1747.00;big
142;4000.00;9.50;2030.00;big
143;4926.00;12.57;1445.00;big
143;4780.00;10.20;1597.00;big
144;4730.00;11.65;1707.00;big
144;4484.00;10.90;1609.00;big
145;3609.00;10.60;1789.00;big
145;3447.00;9.90;1745.00;big
146;4105.00;10.62;1624.00;big
146;4232.00;10.50;1697.00;big
147;4246.00;14.55;1441.00;big
147;1691.00;10.05;901.00;big
148;4053.00;10.15;1084.00;big
148;3948.00;9.80;1029.00;big
149;4991.00;12.10;1283.00;big
149;4882.00;11.28;1209.00;big
150;4730.00;10.25;1381.00;big
150;4822.00;11.30;1426.00;big
151;50.00;10.18;2030.00;big
151;4795.00;9.90;187.00;big
152;5475.00;12.55;62.00;big
152;5566.00;11.55;162.00;big
153;4525.00;12.10;534.00;big
153;4710.00;9.88;512.00;big
154;4630.00;10.43;702.00;big
154;4561.00;10.45;641.00;big
155;4699.00;10.50;903.00;big
155;4748.00;10.78;777.00;big
156;2545.00;13.15;1895.00;big
156;2466.00;9.80;1899.00;big
157;1894.00;9.78;953.00;big
157;1946.00;9.80;946.00;big
158;4651.00;11.15;1112.00;big
158;4610.00;9.70;1191.00;big
159;4452.00;13.25;1079.00;big
159;4546.00;10.00;1036.00;big
160;1485.00;9.50;1971.00;big
160;1525.00;9.50;1879.00;big
161;4970.00;12.53;576.00;big
161;5093.00;10.75;526.00;big
162;3093.00;9.50;1316.00;big
162;3015.00;9.50;1412.00;big
163;2948.00;10.18;1342.00;big
163;3020.00;9.50;1317.00;big
164;1601.00;9.50;1312.00;big
164;1463.00;9.50;1295.00;big
165;387.00;9.50;1901.00;big
165;815.00;9.60;1749.00;big
166;273.00;9.50;695.00;big
166;439.00;9.50;729.00;big
167;2901.00;9.50;1649.00;big
167;2865.00;9.50;1701.00;big
168;2955.00;9.50;1921.00;big
168;2882.00;9.50;1747.00;big
169;660.00;9.50;714.00;big
169;892.00;9.50;737.00;big
170;113.00;9.50;1486.00;big
170;348.00;9.50;1427.00;big
171;5193.00;9.50;1184.00;big
171;5242.00;9.50;1357.00;big
172;109.00;9.98;430.00;big
172;5579.00;9.75;363.00;big
173;329.00;9.50;445.00;big
173;461.00;11.62;366.00;big
174;5594.00;9.50;947.00;big
174;129.00;9.50;868.00;big
175;3510.00;11.90;308.00;big
175;3544.00;10.28;389.00;big
176;2586.00;9.70;931.00;big
176;2629.00;12.28;1102.00;big
177;3002.00;11.28;665.00;big
177;3077.00;11.10;794.00;big
178;3228.00;11.93;658.00;big
178;3119.00;11.00;664.00;big
179;3356.00;14.23;660.00;big
179;3362.00;12.32;558.00;big
180;4784.00;13.80;1327.00;big
180;4804.00;12.10;1260.00;big
181;4377.00;9.90;660.00;big
181;4435.00;9.70;596.00;big
182;4400.00;10.07;704.00;big
182;4359.00;11.05;781.00;big
183;4305.00;10.62;933.00;big
183;4308.00;11.65;1025.00;big
184;3934.00;9.90;1175.00;big
184;3861.00;11.28;1093.00;big
185;3048.00;9.50;1916.00;big
185;3187.00;11.55;1983.00;big
186;3108.00;11.80;1890.00;big
186;3042.00;11.45;1796.00;big
187;5022.00;10.30;408.00;big
187;4887.00;10.20;433.00;big
188;5079.00;10.12;116.00;big
188;5118.00;10.98;254.00;big
189;3450.00;9.50;905.00;big
189;3416.00;9.50;961.00;big
190;3562.00;11.93;923.00;big
190;3687.00;9.70;1007.00;big
191;1740.00;10.40;1655.00;big
191;1647.00;11.53;1593.00;big
192;1405.00;11.78;1444.00;big
192;1434.00;10.10;1578.00;big
193;1054.00;16.02;1461.00;big
193;1012.00;15.45;1562.00;big
194;4382.00;19.50;1189.00;big
194;4307.00;21.15;1226.00;big
195;3188.00;10.25;1236.00;big
195;3216.00;9.50;1285.00;big
196;3609.00;9.50;1085.00;big
196;3683.00;9.80;1074.00;big
197;3340.00;9.50;1103.00;big
197;3392.00;9.50;1014.00;big
198;3111.00;9.50;1646.00;big
198;3047.00;9.50;1626.00;big
199;2976.00;9.50;1626.00;big
199;2962.00;9.50;1693.00;big
200;2788.00;9.70;1462.00;big
200;2807.00;10.00;1500.00;big
201;2730.00;13.57;1340.00;big
201;2716.00;12.93;1373.00;big
202;2716.00;12.78;1295.00;big
202;2763.00;14.15;1286.00;big
203;3157.00;9.80;1164.00;big
203;3094.00;10.12;1142.00;big
204;2930.00;12.85;1246.00;big
204;2841.00;13.23;1238.00;big
205;3300.00;10.40;1092.00;big
205;3309.00;10.70;1033.00;big
206;3284.00;11.20;813.00;big
206;3310.00;10.48;942.00;big
207;3057.00;13.25;1333.00;big
207;3031.00;10.85;1276.00;big
208;2731.00;15.00;1212.00;big
208;2682.00;14.23;1159.00;big
209;3370.00;9.80;1477.00;big
209;3362.00;9.90;1527.00;big
210;3325.00;10.00;1604.00;big
210;3381.00;9.95;1610.00;big
211;2721.00;9.57;1253.00;big
211;2713.00;9.50;1253.00;big
212;2952.00;13.28;1787.00;big
212;2922.00;14.53;1757.00;big
213;3221.00;12.90;381.00;big
213;3293.00;13.62;452.00;big
214;4539.00;9.50;111.00;big
214;4413.00;9.50;175.00;big
215;3520.00;9.70;1169.00;big
215;3477.00;12.28;1233.00;big
216;3292.00;9.50;1754.00;big
216;3310.00;9.50;1748.00;big
