
state={
	id=297
	name="STATE_330"
	resources= {
	steel=10
	}
	history={
		owner = TUR

	}

	provinces={
		257 305 615 687 762 807 808 919 1391 1394 1471 1483 1491 1493 1496 1523 1533 1550 1568 1628 1633 1638 1686 1745 1786 1833 1843 1856 1870 1879 1882 1897 1911 1950 1969 1973 1982 1994 2000 2006 2007 2009 2010 2013 2015 2016 2017 2021 2024 2026 2034 2042 4115 4313 4328 4626 4639 4662 4685 4704 4709 4743 4762 4764 5803 7332 7349 7389 7489 9869 11538 11595 11631 
	}
	manpower=1
	buildings_max_level_factor=1.000
	state_category=town
	local_supplies=0.000
}
